0.11680001692775344,
nan,
0.2276630343244015,
0.12971067049089013,
1e-05,
0.05168510745830601,
0.12881743493370057,
nan,
1e-05,
1e-05,
0.18362521396277853,
1e-05,
0.14327498300468178,
0.10236453612443985,
0.07147716162159834,
0.10288883826470396,
0.12536433326506558,
1e-05,
0.04464647298442315,
0.13676147292047558,
nan,
0.16539181439583928,
1e-05,
0.20397809905056574,
0.0420028454709056,
0.0757828503549125,
nan,
0.2545306965168235,
0.1116600895208939,
0.12676439423072017,
0.5230214625516836,
0.15086774861390806,
nan,
0.11985108431775515,
0.04972547462934607,
0.11062328690976142,
0.07717595019898416,
0.07520317255790099,
nan,
0.047441056519886615,
0.17026353632224067,
0.01523878736203832,
