1e-05,
nan,
0.20043732030956618,
0.10231624670402817,
0.0630927505651584,
0.07321201691520351,
1e-05,
nan,
0.1006268081833066,
1e-05,
0.07859764066805996,
0.33023254417167003,
0.17023190810132593,
0.029813929847127163,
0.3481078927439125,
1e-05,
0.11855113531710648,
0.21327975387987386,
1e-05,
0.053144024259485834,
nan,
1e-05,
0.18175931444355875,
0.13195101382880758,
1e-05,
1e-05,
nan,
0.26749514179469536,
0.12010921401309571,
0.060023509963534005,
1e-05,
0.1754795194762293,
nan,
1e-05,
0.07655660158159638,
0.26117769915993794,
0.029341276876727163,
0.040199837917365366,
nan,
1e-05,
0.06387911507268651,
0.10218318697509288,
