100.0,
nan,
71.6750422183262,
7.752431226020203,
100.0,
1.222255129543182,
100.0,
nan,
100.0,
54.306051115194,
84.00224433361575,
100.0,
0.32059139807428805,
1e-05,
0.13374621430776723,
0.20500788982159168,
1e-05,
0.05077208498145014,
0.3206481986190033,
0.09756021425241412,
nan,
1e-05,
0.14957544577613424,
0.1898294980734896,
1e-05,
0.34781898927806787,
nan,
1e-05,
0.08655726101551564,
1e-05,
0.0015452498949484195,
1e-05,
nan,
0.1772695757588334,
1e-05,
1e-05,
0.3975407576967387,
0.18330815078910212,
nan,
0.27697850596377127,
0.19643908621745654,
0.029566166220871715,
